[0, 0, 0, 0, 5, 1.950000], [0, 1, 0, 5, 10, 3.900000], [0, 2, 0, 10, 15, 5.850000], [0, 3, 0, 15, 20, 7.800000], [1, 0, 3, 20, 24, 9.800000], [1, 0, 4, 24, 32, 7.800000], [1, 1, 3, 32, 36, 9.800000], [1, 1, 4, 36, 44, 7.800000], [0, 4, 0, 44, 49, 9.750000], [0, 5, 0, 49, 54, 11.700000], [1, 2, 3, 57, 61, 13.700000], [1, 2, 4, 61, 69, 11.700000], [0, 6, 0, 69, 74, 13.650000], [0, 7, 0, 74, 79, 15.599999], [0, 0, 15, 110, 120, 13.650000], [0, 1, 15, 125, 135, 11.700000], [0, 2, 15, 140, 150, 9.750000], [1, 3, 3, 150, 154, 11.750000], [1, 3, 4, 154, 162, 9.750000], [0, 3, 15, 163, 173, 7.800000], [0, 4, 15, 173, 183, 5.850000], [0, 5, 15, 192, 202, 3.900000], [0, 6, 15, 202, 212, 1.950000], [0, 7, 15, 215, 225, 0.000000], 
[0, 0, 1, 5, 10, 1.950000], [0, 1, 1, 10, 15, 3.900000], [1, 0, 2, 15, 19, 5.900000], [0, 2, 1, 19, 24, 7.850000], [1, 1, 2, 24, 28, 9.850000], [0, 3, 1, 28, 33, 11.800000], [1, 0, 5, 33, 41, 9.800000], [1, 1, 5, 44, 52, 7.800000], [1, 2, 2, 53, 57, 9.800000], [0, 4, 1, 57, 62, 11.750000], [1, 2, 5, 69, 77, 9.750000], [0, 5, 1, 77, 82, 11.700000], [0, 6, 1, 82, 87, 13.650000], [0, 0, 14, 100, 110, 11.700000], [0, 7, 1, 110, 115, 13.650000], [0, 1, 14, 115, 125, 11.700000], [0, 2, 14, 130, 140, 9.750000], [1, 3, 2, 143, 147, 11.750000], [0, 3, 14, 153, 163, 9.800000], [0, 4, 14, 163, 173, 7.850000], [1, 3, 5, 173, 181, 5.850000], [0, 5, 14, 182, 192, 3.900000], [0, 6, 14, 192, 202, 1.950000], [0, 7, 14, 205, 215, 0.000000], 
[1, 0, 1, 4, 8, 2.000000], [0, 0, 2, 10, 15, 3.950000], [0, 1, 2, 15, 20, 5.900000], [1, 1, 1, 20, 24, 7.900000], [0, 2, 2, 24, 29, 9.850000], [0, 3, 2, 33, 38, 11.800000], [1, 0, 6, 41, 49, 9.800000], [1, 2, 1, 49, 53, 11.800000], [1, 1, 6, 53, 61, 9.800000], [0, 4, 2, 62, 67, 11.750000], [1, 2, 6, 77, 85, 9.750000], [0, 5, 2, 85, 90, 11.700000], [0, 0, 13, 90, 100, 9.750000], [0, 6, 2, 100, 105, 11.700000], [0, 1, 13, 105, 115, 9.750000], [0, 7, 2, 115, 120, 11.700000], [0, 2, 13, 120, 130, 9.750000], [1, 3, 1, 139, 143, 11.750000], [0, 3, 13, 143, 153, 9.800000], [0, 4, 13, 153, 163, 7.850000], [0, 5, 13, 172, 182, 5.900001], [0, 6, 13, 182, 192, 3.950001], [0, 7, 13, 195, 205, 2.000000], [1, 3, 6, 205, 213, 0.000000], 
[1, 0, 0, 0, 4, 2.000000], [1, 1, 0, 4, 8, 4.000000], [1, 2, 0, 8, 12, 6.000000], [0, 0, 3, 15, 20, 7.950000], [0, 1, 3, 20, 25, 9.900000], [0, 2, 3, 29, 34, 11.849999], [1, 0, 7, 49, 57, 9.849999], [0, 3, 3, 57, 62, 11.799999], [1, 1, 7, 62, 70, 9.799999], [0, 4, 3, 70, 75, 11.749999], [0, 0, 12, 80, 90, 9.799999], [0, 5, 3, 90, 95, 11.749999], [0, 1, 12, 95, 105, 9.799999], [0, 6, 3, 105, 110, 11.749999], [0, 2, 12, 110, 120, 9.799999], [0, 7, 3, 120, 125, 11.749999], [0, 3, 12, 125, 135, 9.799999], [1, 3, 0, 135, 139, 11.799999], [0, 4, 12, 140, 150, 9.849999], [1, 2, 7, 150, 158, 7.849999], [0, 5, 12, 162, 172, 5.900000], [0, 6, 12, 172, 182, 3.950000], [0, 7, 12, 185, 195, 2.000000], [1, 3, 7, 213, 221, -0.000000], 
[2, 0, 3, 12, 16, 2.000000], [2, 1, 3, 16, 20, 4.000000], [0, 0, 4, 20, 25, 5.950000], [0, 1, 4, 25, 30, 7.900000], [2, 0, 4, 30, 38, 5.900000], [0, 2, 4, 38, 43, 7.849999], [2, 1, 4, 43, 51, 5.849999], [0, 3, 4, 62, 67, 7.799999], [0, 0, 11, 70, 80, 5.849999], [0, 4, 4, 80, 85, 7.799999], [0, 1, 11, 85, 95, 5.849999], [0, 5, 4, 95, 100, 7.799999], [0, 2, 11, 100, 110, 5.849999], [0, 6, 4, 110, 115, 7.799999], [0, 3, 11, 115, 125, 5.849999], [0, 7, 4, 125, 130, 7.799999], [0, 4, 11, 130, 140, 5.849999], [2, 2, 3, 140, 144, 7.849999], [2, 2, 4, 144, 152, 5.849999], [0, 5, 11, 152, 162, 3.899999], [0, 6, 11, 162, 172, 1.949999], [0, 7, 11, 175, 185, -0.000001], [2, 3, 3, 185, 189, 1.999999], [2, 3, 4, 189, 197, -0.000001], 
[2, 0, 2, 8, 12, 2.000000], [2, 1, 2, 12, 16, 4.000000], [0, 0, 5, 25, 30, 5.950000], [0, 1, 5, 30, 35, 7.900000], [2, 0, 5, 38, 46, 5.900000], [0, 2, 5, 46, 51, 7.849999], [2, 1, 5, 51, 59, 5.849999], [0, 0, 10, 60, 70, 3.899999], [0, 3, 5, 70, 75, 5.849999], [0, 1, 10, 75, 85, 3.899999], [0, 4, 5, 85, 90, 5.849999], [0, 2, 10, 90, 100, 3.899999], [0, 5, 5, 100, 105, 5.849999], [0, 3, 10, 105, 115, 3.899999], [0, 6, 5, 115, 120, 5.849999], [0, 4, 10, 120, 130, 3.899999], [0, 7, 5, 130, 135, 5.849999], [2, 2, 2, 135, 139, 7.849999], [0, 5, 10, 139, 149, 5.900000], [0, 6, 10, 150, 160, 3.950000], [0, 7, 10, 165, 175, 2.000000], [2, 3, 2, 175, 179, 4.000000], [2, 2, 5, 179, 187, 2.000000], [2, 3, 5, 197, 205, -0.000000], 
[2, 0, 1, 4, 8, 2.000000], [2, 1, 1, 8, 12, 4.000000], [2, 2, 1, 12, 16, 6.000000], [0, 0, 6, 30, 35, 7.950000], [0, 1, 6, 35, 40, 9.900000], [0, 0, 9, 50, 60, 7.950000], [0, 2, 6, 60, 65, 9.900000], [0, 1, 9, 65, 75, 7.950000], [0, 3, 6, 75, 80, 9.900000], [0, 2, 9, 80, 90, 7.950000], [0, 4, 6, 90, 95, 9.900000], [0, 3, 9, 95, 105, 7.950000], [0, 5, 6, 105, 110, 9.900000], [0, 4, 9, 110, 120, 7.950000], [0, 6, 6, 120, 125, 9.900000], [0, 5, 9, 125, 135, 7.950000], [0, 7, 6, 135, 140, 9.900000], [0, 6, 9, 140, 150, 7.950000], [0, 7, 9, 155, 165, 6.000000], [2, 3, 1, 165, 169, 8.000000], [2, 0, 6, 169, 177, 6.000000], [2, 1, 6, 177, 185, 4.000000], [2, 2, 6, 187, 195, 2.000000], [2, 3, 6, 205, 213, 0.000000], 
[2, 0, 0, 0, 4, 2.000000], [2, 1, 0, 4, 8, 4.000000], [2, 2, 0, 8, 12, 6.000000], [0, 0, 7, 35, 40, 7.950000], [0, 0, 8, 40, 50, 6.000000], [0, 1, 7, 50, 55, 7.950000], [0, 1, 8, 55, 65, 6.000000], [0, 2, 7, 65, 70, 7.950000], [0, 2, 8, 70, 80, 6.000000], [0, 3, 7, 80, 85, 7.950000], [0, 3, 8, 85, 95, 6.000000], [0, 4, 7, 95, 100, 7.950000], [0, 4, 8, 100, 110, 6.000000], [0, 5, 7, 110, 115, 7.950000], [0, 5, 8, 115, 125, 6.000000], [0, 6, 7, 125, 130, 7.950000], [0, 6, 8, 130, 140, 6.000000], [0, 7, 7, 140, 145, 7.950000], [0, 7, 8, 145, 155, 6.000000], [2, 3, 0, 155, 159, 8.000000], [2, 0, 7, 177, 185, 6.000000], [2, 1, 7, 185, 193, 4.000000], [2, 2, 7, 195, 203, 2.000000], [2, 3, 7, 213, 221, 0.000000], 

Theoretically best:
E2E time usage: 225
Peak memory usage: 15.600000
Utilization: 74.67%
Bubble rate: 25.33%

Greedy:
E2E time usage: 239
Peak memory usage: 23.600000
Utilization: 70.29%
Bubble rate: 29.71%

Ours:
E2E time usage: 225
Peak memory usage: 15.599999
Utilization: 74.67%
Bubble rate: 25.33%
Time usage: 19918 ms
